camera_matrix:
- - 1215.719777683286
  - 0.0
  - 314.29337399930216
- - 0.0
  - 1366.2281136446795
  - 275.93186984256874
- - 0.0
  - 0.0
  - 1.0
dist:
- - -23.467776066475416
  - -12060.476830300018
  - -1.6236925002371125
  - 1.883730088208595
  - -82.81129151885513
ret: 2.0234746073494247
rvecs:
- - - -0.010056509041235263
  - - 2.777814502616375
  - - -0.7344316467436435
- - - 0.004101937030774655
  - - -2.7110885049750806
  - - -0.7981844026458238
- - - -0.008485304341311742
  - - -2.717562820725462
  - - -0.7706262340727957
- - - -0.014376010200556332
  - - 2.761746700485997
  - - -0.7247014625827058
- - - 0.0055625090100970154
  - - -2.7286564052030706
  - - -0.7912031401587695
- - - -0.011535677784322249
  - - 2.767291264827047
  - - -0.7513090697834313
- - - 0.0036523083540835072
  - - -2.7235255254217243
  - - -0.7753519081726142
- - - -0.004633877823172052
  - - 3.3304020140622033
  - - 0.9692801223008485
- - - -0.0010685966674123376
  - - -2.7195303306024776
  - - -0.7988101910928496
- - - 0.0018533450845468178
  - - 3.3191584228773214
  - - 0.9501234876219082
- - - 0.004461486624678993
  - - -2.724035868756139
  - - -0.7942164957045595
- - - -0.0009015738811330053
  - - 3.326019963016603
  - - 0.958053117255841
- - - 0.0015251875609665665
  - - -2.7168385911175674
  - - -0.7713721846622108
- - - -0.008201110008054858
  - - 3.344698298484357
  - - 0.9684124526777232
- - - -0.017130257631840288
  - - 2.7542442439553865
  - - -0.7523810724081026
tvecs:
- - - 1.0193678353987161
  - - -0.7410909284167665
  - - 21.661718551966395
- - - 0.9972104979585171
  - - -0.7155399904438615
  - - 20.89856086477872
- - - 0.9968228381816496
  - - -0.7287086314570461
  - - 20.96052418060064
- - - 1.0191541337254257
  - - -0.7367061822954319
  - - 21.747305347821392
- - - 1.0075797760544625
  - - -0.7217177562555926
  - - 20.972747334027616
- - - 1.0186828090379463
  - - -0.7351878038617485
  - - 21.621475820861527
- - - 1.0042273938258728
  - - -0.7231011977688071
  - - 20.910782162199173
- - - 0.995873577269648
  - - -0.7167019246963456
  - - 20.779941800036923
- - - 0.998563330158121
  - - -0.7191969915883002
  - - 20.674564738955123
- - - 1.0048594248234082
  - - -0.7265205244548232
  - - 20.93531539237911
- - - 1.0086634077897785
  - - -0.7209220552598189
  - - 20.975319848814813
- - - 1.0029867273673656
  - - -0.721410064958508
  - - 20.942017968254202
- - - 1.0028422916408173
  - - -0.7242570700764875
  - - 20.961157078084128
- - - 0.9965376888858143
  - - -0.7158493923224106
  - - 21.054484039462707
- - - 1.016640630056588
  - - -0.7308482546064143
  - - 21.691801719620468
